[filenames]
  dir = in/
  grid = xsyszs.grd
  flow = 301-501-new.dat

[Freestream]
  Ma = 6.00000000000000
  Re = 32500.0000000000
  Te = 63.3340000000000

[Domain]
  in = 301
  jn = 501
  kn = 1

[Boundary Conditions]
  BC_type = 1

[Turbulent]
  lns_mode = 0
  Alpha = 2.6625941d0,  0.0d0
  Beta = 0.0d0, 0.0d0
  Omega = 2.43d0, 0.0d0

